4294967278,54
4294967278,53
4294967278,52
4294967278,46
4294967279,55
4294967279,54
4294967279,53
4294967279,52
4294967279,46
4294967279,40
4294967279,35
4294967279,15
4294967279,13
4294967279,7
4294967293,131
4294967293,130
4294967293,129
4294967293,128
4294967293,127
4294967293,126
4294967293,125
4294967293,124
4294967293,123
4294967293,122
4294967293,121
4294967293,120
4294967293,119
4294967293,118
4294967293,117
4294967293,116
4294967293,115
4294967293,114
4294967293,113
4294967293,112
4294967293,111
4294967293,110
4294967293,109
4294967293,108
4294967293,107
4294967293,106
4294967293,105
4294967293,104
4294967293,103
4294967293,102
4294967293,101
4294967293,100
4294967293,99
4294967293,98
4294967293,97
4294967293,96
4294967293,95
4294967293,94
4294967293,93
4294967293,92
4294967293,91
4294967293,90
4294967293,89
4294967293,87
4294967293,86
4294967293,85
4294967293,84
4294967293,83
4294967293,82
4294967293,81
4294967293,80
4294967293,79
4294967293,78
4294967293,77
4294967293,76
4294967293,75
4294967293,74
4294967293,73
4294967293,72
4294967293,71
4294967293,70
4294967293,69
4294967293,68
4294967293,67
4294967293,66
4294967293,65
4294967293,64
4294967293,63
4294967293,62
4294967293,61
4294967293,60
4294967293,59
4294967293,58
4294967293,57
4294967293,56
4294967293,55
4294967293,54
4294967293,53
4294967293,52
4294967293,51
4294967293,50
4294967293,49
4294967293,48
4294967293,47
4294967293,46
4294967293,45
4294967293,44
4294967293,43
4294967293,42
4294967293,41
4294967293,40
4294967293,39
4294967293,38
4294967293,37
4294967293,36
4294967293,35
4294967293,34
4294967293,33
4294967293,32
4294967293,31
4294967293,30
4294967293,29
4294967293,28
4294967293,27
4294967293,26
4294967293,25
4294967293,24
4294967293,23
4294967293,22
4294967293,21
4294967293,20
4294967293,19
4294967293,18
4294967293,17
4294967293,16
4294967293,15
4294967293,14
4294967293,13
4294967293,12
4294967293,11
4294967293,10
4294967293,9
4294967293,8
4294967293,7
4294967293,6
4294967293,5
4294967293,4
4294967293,3
4294967278,337
4294967278,132
4294967278,131
4294967278,130
4294967278,256
4294967278,129
4294967278,128
4294967278,333
4294967278,127
4294967278,125
4294967278,359
4294967278,123
4294967278,351
4294967278,122
4294967278,372
4294967278,243
4294967278,117
4294967278,227
4294967278,108
4294967278,371
4294967278,357
4294967278,92
4294967278,350
4294967278,91
4294967278,356
4294967278,86
4294967278,370
4294967278,85
4294967278,349
4294967278,82
4294967278,347
4294967278,346
4294967278,75
4294967278,369
4294967278,345
4294967278,65
4294967278,368
4294967278,64
4294967278,50
4294967278,344
4294967278,49
4294967278,367
4294967278,48
4294967278,47
4294967278,355
4294967278,45
4294967278,343
4294967278,44
4294967278,366
4294967278,43
4294967278,42
4294967278,354
4294967278,40
4294967278,342
4294967278,39
4294967278,365
4294967278,38
4294967278,353
4294967278,364
4294967278,352
4294967278,341
4294967278,340
4294967278,363
4294967278,339
4294967278,348
4294967278,174
4294967278,373
4294967278,0
4294967278,260
4294967279,424
4294967279,392
4294967279,422
4294967279,2
4294967279,102
4294967279,419
4294967279,412
4294967279,91
4294967279,90
4294967279,89
4294967279,87
4294967279,418
4294967279,410
4294967279,85
4294967279,409
4294967279,84
4294967279,408
4294967279,407
4294967279,82
4294967279,406
4294967279,81
4294967279,430
4294967279,80
4294967279,79
4294967279,78
4294967279,405
4294967279,429
4294967279,404
4294967279,403
4294967279,402
4294967279,417
4294967279,428
4294967279,51
4294967279,50
4294967279,401
4294967279,48
4294967279,47
4294967279,400
4294967279,44
4294967279,43
4294967279,41
4294967279,411
4294967279,416
4294967279,399
4294967279,39
4294967279,38
4294967279,37
4294967279,36
4294967279,34
4294967279,33
4294967279,32
4294967279,31
4294967279,415
4294967279,30
4294967279,29
4294967279,28
4294967279,27
4294967279,26
4294967279,278
4294967279,25
4294967279,24
4294967279,23
4294967279,22
4294967279,21
4294967279,414
4294967279,20
4294967279,397
4294967279,19
4294967279,18
4294967279,17
4294967279,16
4294967279,396
4294967279,14
4294967279,9
4294967279,88
4294967279,174
4294967279,0
4294967279,260
4294967279,281
4294967279,4
4294967294,1035
4294967294,470
4294967294,1589
4294967294,971
4294967294,1220
4294967294,425
4294967294,413
4294967294,186
4294967294,1420
4294967294,871
4294967294,867
4294967294,866
4294967294,865
4294967294,735
4294967294,864
4294967294,863
4294967294,862
4294967294,861
4294967294,462
4294967294,858
4294967294,857
4294967294,856
4294967294,852
4294967294,851
4294967294,850
4294967294,849
4294967294,847
4294967294,846
4294967294,845
4294967294,843
4294967294,839
4294967294,835
4294967294,832
4294967294,318
4294967294,317
4294967294,316
4294967294,314
4294967294,731
4294967294,312
4294967294,310
4294967294,309
4294967294,306
4294967294,303
4294967294,302
4294967294,301
4294967294,298
4294967294,290
4294967294,288
4294967294,286
4294967294,284
4294967294,281
4294967294,280
4294967294,279
4294967294,278
4294967294,277
4294967294,1217
4294967294,728
4294967294,271
4294967294,269
4294967294,268
4294967294,267
4294967294,266
4294967294,265
4294967294,261
4294967294,259
4294967294,0
4294967294,258
4294967294,257
4294967294,255
4294967294,254
4294967294,253
4294967294,251
4294967294,250
4294967294,249
4294967294,246
4294967294,244
4294967294,243
4294967294,242
4294967294,241
4294967294,237
4294967294,236
4294967294,423
4294967294,230
4294967294,228
4294967294,226
4294967294,224
4294967294,223
4294967294,222
4294967294,219
4294967294,217
4294967294,216
4294967294,215
4294967294,214
4294967294,211
4294967294,210
4294967294,209
4294967294,207
4294967294,725
4294967294,206
4294967294,723
4294967294,204
4294967294,203
4294967294,202
4294967294,201
4294967294,199
4294967294,198
4294967294,197
4294967294,195
4294967294,721
4294967294,193
4294967294,830
4294967294,829
4294967294,828
4294967294,824
4294967294,822
4294967294,820
4294967294,819
4294967294,817
4294967294,816
4294967294,815
4294967294,814
4294967294,813
4294967294,812
4294967294,811
4294967294,810
4294967294,981
4294967294,802
4294967294,801
4294967294,800
4294967294,799
4294967294,798
4294967294,797
4294967294,792
4294967294,791
4294967294,1218
4294967294,790
4294967294,788
4294967294,786
4294967294,467
4294967294,785
4294967294,784
4294967294,783
4294967294,782
4294967294,459
4294967294,781
4294967294,780
4294967294,777
4294967294,776
4294967294,775
4294967294,989
4294967294,770
4294967294,769
4294967294,768
4294967294,703
4294967294,699
4294967294,698
4294967294,697
4294967294,696
4294967294,713
4294967294,695
4294967294,691
4294967294,690
4294967294,688
4294967294,687
4294967294,685
4294967294,682
4294967294,677
4294967294,672
4294967294,670
4294967294,707
4294967294,667
4294967294,666
4294967294,664
4294967294,660
4294967294,655
4294967294,727
4294967294,653
4294967294,650
4294967294,649
4294967294,648
4294967294,646
4294967294,645
4294967294,644
4294967294,641
4294967294,640
4294967294,633
4294967294,632
4294967294,627
4294967294,626
4294967294,705
4294967294,624
4294967294,734
4294967294,622
4294967294,621
4294967294,630
4294967294,1582
4294967294,619
4294967294,617
4294967294,616
4294967294,722
4294967294,720
4294967294,614
4294967294,613
4294967294,719
1,3
1,0
4294967294,710
4294967294,712
4294967294,610
4294967294,732
4294967294,609
4294967294,608
4294967294,607
4294967294,730
4294967294,606
4294967294,726
4294967294,717
4294967294,709
4294967294,729
4294967294,704
4294967294,605
4294967294,718
4294967294,238
4294967294,706
4294967294,70
4294967294,724
4294967294,72
4294967294,235
4294967294,715
4294967294,71
4294967294,1584
4294967294,8
4294967294,1596
4294967294,1424
4294967294,1585
4294967294,975
4294967294,1430
4294967294,1434
4294967294,393
4294967294,390
4294967294,496
4294967294,420
4294967294,598
4294967294,604
4294967294,3
4294967294,494
4294967294,1469
4294967294,29
4294967294,1537
4294967294,584
4294967294,1461
4294967294,585
4294967294,1455
4294967294,1470
4294967294,1467
4294967294,1471
4294967294,586
4294967294,1454
4294967294,1465
4294967294,1464
4294967294,1443
4294967294,1445
4294967294,1456
4294967294,1444
4294967294,1448
4294967294,1451
4294967294,1436
4294967294,454
4294967294,1447
4294967294,453
4294967294,602
4294967294,1425
4294967294,439
4294967294,1037
4294967294,1036
4294967294,1034
4294967294,542
4294967294,541
4294967294,540
4294967294,1033
4294967294,539
4294967294,538
4294967294,536
4294967294,537
4294967294,535
4294967294,534
4294967294,533
4294967294,532
4294967294,531
4294967294,530
4294967294,529
4294967294,528
4294967294,527
4294967294,526
4294967294,525
4294967294,524
4294967294,523
4294967294,522
4294967294,521
4294967294,519
4294967294,520
4294967294,518
4294967294,517
4294967294,516
4294967294,515
4294967294,514
4294967294,513
4294967294,512
4294967294,383
4294967294,382
4294967294,381
4294967294,31
4294967294,1586
4294967294,739
4294967294,1194
4294967294,752
4294967294,594
4294967294,1555
4294967294,1462
4294967294,741
4294967294,974
4294967294,1820
4294967278,190
4294967279,77
4294967294,471
4294967279,268
4294967279,277
4294967278,215
4294967279,215
4294967279,386
4294967279,385
4294967279,384
4294967279,319
4294967278,321
4294967279,318
4294967279,317
4294967279,316
4294967279,315
4294967278,315
4294967279,310
4294967279,307
4294967279,305
4294967278,300
4294967279,304
4294967279,303
4294967279,302
4294967278,299
